sentence_id	token_id	token	surprisal
1	1	<|endoftext|>	0.0
1	2	The	4.729313
1	3	Ġassistant	14.661116
1	4	Ġknew	16.348918
1	5	Ġwho	6.747474
1	6	Ġthe	3.798539
1	7	Ġsecretary	10.22481
1	8	Ġimpressed	22.871824
1	9	Ġat	6.1039
1	10	Ġthe	1.729074
1	11	Ġmeeting	5.90786
1	12	.	1.878355
1	13	<|endoftext|>	7.534783
2	1	<|endoftext|>	0.0
2	2	The	4.729313
2	3	Ġassistant	14.661116
2	4	Ġknew	16.348932
2	5	Ġwho	6.747474
2	6	Ġthe	3.798539
2	7	Ġsecretary	10.224807
2	8	Ġimpressed	22.871823
2	9	Ġthe	6.622082
2	10	Ġdirector	6.479472
2	11	Ġat	6.538787
2	12	Ġthe	1.233232
2	13	Ġmeeting	6.907514
2	14	.	1.737675
2	15	<|endoftext|>	7.36529
3	1	<|endoftext|>	0.0
3	2	The	4.729313
3	3	Ġassistant	14.661116
3	4	Ġknew	16.348918
3	5	Ġthat	3.218776
3	6	Ġthe	3.439892
3	7	Ġsecretary	11.326484
3	8	Ġimpressed	19.580878
3	9	Ġat	8.153907
3	10	Ġthe	2.52279
3	11	Ġmeeting	5.645833
3	12	.	2.259967
3	13	<|endoftext|>	7.972755
4	1	<|endoftext|>	0.0
4	2	The	4.729313
4	3	Ġassistant	14.661116
4	4	Ġknew	16.348932
4	5	Ġthat	3.218776
4	6	Ġthe	3.439892
4	7	Ġsecretary	11.326484
4	8	Ġimpressed	19.580871
4	9	Ġthe	4.123414
4	10	Ġdirector	5.947543
4	11	Ġat	6.859876
4	12	Ġthe	1.569439
4	13	Ġmeeting	6.270807
4	14	.	2.035162
4	15	<|endoftext|>	7.675943
5	1	<|endoftext|>	0.0
5	2	The	4.729281
5	3	Ġassistant	14.661097
5	4	Ġknew	16.348909
5	5	Ġwho	6.747629
5	6	Ġthe	3.798587
5	7	Ġsecurity	11.535352
5	8	Ġguard	1.861078
5	9	Ġsaid	10.122579
5	10	Ġthe	5.823729
5	11	Ġsecretary	11.199588
5	12	Ġimpressed	20.114836
5	13	Ġat	6.566133
5	14	Ġthe	2.19879
5	15	Ġmeeting	3.542662
5	16	.	1.305345
5	17	<|endoftext|>	6.334879
6	1	<|endoftext|>	0.0
6	2	The	4.729281
6	3	Ġassistant	14.661097
6	4	Ġknew	16.348909
6	5	Ġwho	6.747629
6	6	Ġthe	3.798587
6	7	Ġsecurity	11.535352
6	8	Ġguard	1.861078
6	9	Ġsaid	10.122579
6	10	Ġthe	5.823729
6	11	Ġsecretary	11.199588
6	12	Ġimpressed	20.114836
6	13	Ġthe	7.291377
6	14	Ġdirector	6.034571
6	15	Ġat	6.168313
6	16	Ġthe	1.218082
6	17	Ġmeeting	5.236651
6	18	.	1.121295
6	19	<|endoftext|>	6.203988
7	1	<|endoftext|>	0.0
7	2	The	4.729281
7	3	Ġassistant	14.661097
7	4	Ġknew	16.348909
7	5	Ġthat	3.218776
7	6	Ġthe	3.439831
7	7	Ġsecurity	10.229972
7	8	Ġguard	3.180852
7	9	Ġsaid	8.914582
7	10	Ġthe	3.803254
7	11	Ġsecretary	11.037679
7	12	Ġimpressed	17.898302
7	13	Ġat	9.312582
7	14	Ġthe	2.360989
7	15	Ġmeeting	4.837613
7	16	.	1.985529
7	17	<|endoftext|>	6.668255
8	1	<|endoftext|>	0.0
8	2	The	4.729281
8	3	Ġassistant	14.661097
8	4	Ġknew	16.348909
8	5	Ġthat	3.218776
8	6	Ġthe	3.439831
8	7	Ġsecurity	10.229972
8	8	Ġguard	3.180852
8	9	Ġsaid	8.914582
8	10	Ġthe	3.803254
8	11	Ġsecretary	11.037679
8	12	Ġimpressed	17.898302
8	13	Ġthe	4.72873
8	14	Ġdirector	6.363212
8	15	Ġat	6.903605
8	16	Ġthe	1.385764
8	17	Ġmeeting	4.735511
8	18	.	1.633376
8	19	<|endoftext|>	6.588498
9	1	<|endoftext|>	0.0
9	2	The	4.729281
9	3	Ġassistant	14.661097
9	4	Ġknew	16.348909
9	5	Ġwho	6.747629
9	6	Ġthe	3.798587
9	7	Ġsecurity	11.535352
9	8	Ġguard	1.861078
9	9	Ġsaid	10.122579
9	10	Ġhis	7.988609
9	11	Ġmanager	10.784096
9	12	Ġbelieved	8.433873
9	13	Ġthe	7.776745
9	14	Ġsecretary	11.807971
9	15	Ġimpressed	20.082893
9	16	Ġat	5.907774
9	17	Ġthe	2.341246
9	18	Ġmeeting	3.920311
9	19	.	1.05678
9	20	<|endoftext|>	6.189348
10	1	<|endoftext|>	0.0
10	2	The	4.729281
10	3	Ġassistant	14.661097
10	4	Ġknew	16.348909
10	5	Ġwho	6.747629
10	6	Ġthe	3.798587
10	7	Ġsecurity	11.535352
10	8	Ġguard	1.861078
10	9	Ġsaid	10.122579
10	10	Ġhis	7.988609
10	11	Ġmanager	10.784096
10	12	Ġbelieved	8.433873
10	13	Ġthe	7.776745
10	14	Ġsecretary	11.807971
10	15	Ġimpressed	20.082893
10	16	Ġthe	6.694172
10	17	Ġdirector	6.601313
10	18	Ġat	5.57
10	19	Ġthe	1.352793
10	20	Ġmeeting	5.787449
10	21	.	0.870964
10	22	<|endoftext|>	6.089278
11	1	<|endoftext|>	0.0
11	2	The	4.729281
11	3	Ġassistant	14.661097
11	4	Ġknew	16.348909
11	5	Ġthat	3.218776
11	6	Ġthe	3.439831
11	7	Ġsecurity	10.229972
11	8	Ġguard	3.180852
11	9	Ġsaid	8.914582
11	10	Ġhis	6.105785
11	11	Ġmanager	12.000982
11	12	Ġbelieved	8.238292
11	13	Ġthe	2.533421
11	14	Ġsecretary	11.739478
11	15	Ġimpressed	18.223476
11	16	Ġat	7.710845
11	17	Ġthe	2.285626
11	18	Ġmeeting	3.670862
11	19	.	1.418766
11	20	<|endoftext|>	6.55792
12	1	<|endoftext|>	0.0
12	2	The	4.729281
12	3	Ġassistant	14.661097
12	4	Ġknew	16.348909
12	5	Ġthat	3.218776
12	6	Ġthe	3.439831
12	7	Ġsecurity	10.229972
12	8	Ġguard	3.180852
12	9	Ġsaid	8.914582
12	10	Ġhis	6.105785
12	11	Ġmanager	12.000982
12	12	Ġbelieved	8.238292
12	13	Ġthe	2.533421
12	14	Ġsecretary	11.739478
12	15	Ġimpressed	18.223476
12	16	Ġthe	3.819975
12	17	Ġdirector	6.657335
12	18	Ġat	6.107353
12	19	Ġthe	1.427351
12	20	Ġmeeting	5.126854
12	21	.	1.145156
12	22	<|endoftext|>	6.463331
13	1	<|endoftext|>	0.0
13	2	The	4.729281
13	3	Ġassistant	14.661097
13	4	Ġknew	16.348909
13	5	Ġwho	6.747629
13	6	Ġthe	3.798587
13	7	Ġsecurity	11.535352
13	8	Ġguard	1.861078
13	9	Ġsaid	10.122579
13	10	Ġhis	7.988609
13	11	Ġmanager	10.784096
13	12	Ġbelieved	8.433873
13	13	Ġthe	7.776745
13	14	Ġjunior	12.01686
13	15	Ġassociate	9.925705
13	16	Ġclaimed	13.561615
13	17	Ġthe	6.729325
13	18	Ġsecretary	12.449111
13	19	Ġimpressed	17.824839
13	20	Ġat	6.675016
13	21	Ġthe	2.764291
13	22	Ġmeeting	4.787244
13	23	.	0.981914
13	24	<|endoftext|>	6.185141
14	1	<|endoftext|>	0.0
14	2	The	4.729281
14	3	Ġassistant	14.661097
14	4	Ġknew	16.348909
14	5	Ġwho	6.747629
14	6	Ġthe	3.798587
14	7	Ġsecurity	11.535352
14	8	Ġguard	1.861078
14	9	Ġsaid	10.122579
14	10	Ġhis	7.988609
14	11	Ġmanager	10.784096
14	12	Ġbelieved	8.433873
14	13	Ġthe	7.776745
14	14	Ġjunior	12.01686
14	15	Ġassociate	9.925705
14	16	Ġclaimed	13.561615
14	17	Ġthe	6.729325
14	18	Ġsecretary	12.449111
14	19	Ġimpressed	17.824839
14	20	Ġthe	5.726982
14	21	Ġdirector	6.873129
14	22	Ġat	5.742948
14	23	Ġthe	1.609453
14	24	Ġmeeting	5.780751
14	25	.	0.808152
14	26	<|endoftext|>	6.006293
15	1	<|endoftext|>	0.0
15	2	The	4.729281
15	3	Ġassistant	14.661097
15	4	Ġknew	16.348909
15	5	Ġthat	3.218776
15	6	Ġthe	3.439831
15	7	Ġsecurity	10.229972
15	8	Ġguard	3.180852
15	9	Ġsaid	8.914582
15	10	Ġhis	6.105785
15	11	Ġmanager	12.000982
15	12	Ġbelieved	8.238292
15	13	Ġthe	2.533421
15	14	Ġjunior	12.326145
15	15	Ġassociate	9.619653
15	16	Ġclaimed	14.046193
15	17	Ġthe	4.167671
15	18	Ġsecretary	12.107474
15	19	Ġimpressed	17.521422
15	20	Ġat	8.130798
15	21	Ġthe	2.665263
15	22	Ġmeeting	4.645636
15	23	.	1.228436
15	24	<|endoftext|>	6.442534
16	1	<|endoftext|>	0.0
16	2	The	4.729281
16	3	Ġassistant	14.661097
16	4	Ġknew	16.348909
16	5	Ġthat	3.218776
16	6	Ġthe	3.439831
16	7	Ġsecurity	10.229972
16	8	Ġguard	3.180852
16	9	Ġsaid	8.914582
16	10	Ġhis	6.105785
16	11	Ġmanager	12.000982
16	12	Ġbelieved	8.238292
16	13	Ġthe	2.533421
16	14	Ġjunior	12.326145
16	15	Ġassociate	9.619653
16	16	Ġclaimed	14.046193
16	17	Ġthe	4.167671
16	18	Ġsecretary	12.107474
16	19	Ġimpressed	17.521422
16	20	Ġthe	4.500913
16	21	Ġdirector	6.834665
16	22	Ġat	6.077594
16	23	Ġthe	1.648333
16	24	Ġmeeting	5.327324
16	25	.	0.984281
16	26	<|endoftext|>	6.296845
17	1	<|endoftext|>	0.0
17	2	The	4.729313
17	3	Ġteacher	13.677585
17	4	Ġreported	8.684113
17	5	Ġwho	12.867662
17	6	Ġthe	4.384059
17	7	Ġstudent	3.183006
17	8	Ġhit	10.74255
17	9	Ġin	4.623034
17	10	Ġart	18.939922
17	11	Ġclass	1.414113
17	12	.	2.220169
17	13	<|endoftext|>	6.881694
18	1	<|endoftext|>	0.0
18	2	The	4.729313
18	3	Ġteacher	13.677585
18	4	Ġreported	8.684091
18	5	Ġwho	12.867662
18	6	Ġthe	4.384059
18	7	Ġstudent	3.182985
18	8	Ġhit	10.742556
18	9	Ġher	6.948834
18	10	Ġclassmate	12.622277
18	11	Ġin	3.169133
18	12	Ġart	20.131642
18	13	Ġclass	0.632955
18	14	.	1.631423
18	15	<|endoftext|>	6.53307
19	1	<|endoftext|>	0.0
19	2	The	4.729313
19	3	Ġteacher	13.677585
19	4	Ġreported	8.684113
19	5	Ġthat	1.940011
19	6	Ġthe	2.810861
19	7	Ġstudent	4.075319
19	8	Ġhit	10.002047
19	9	Ġin	7.125513
19	10	Ġart	21.029756
19	11	Ġclass	2.312639
19	12	.	5.673553
19	13	<|endoftext|>	6.738939
20	1	<|endoftext|>	0.0
20	2	The	4.729313
20	3	Ġteacher	13.677585
20	4	Ġreported	8.684091
20	5	Ġthat	1.940011
20	6	Ġthe	2.810861
20	7	Ġstudent	4.075319
20	8	Ġhit	10.002069
20	9	Ġher	1.44052
20	10	Ġclassmate	11.955291
20	11	Ġin	2.637684
20	12	Ġart	21.594816
20	13	Ġclass	1.030047
20	14	.	2.415981
20	15	<|endoftext|>	6.624382
21	1	<|endoftext|>	0.0
21	2	The	4.729281
21	3	Ġteacher	13.677544
21	4	Ġreported	8.684135
21	5	Ġwho	12.867736
21	6	Ġthe	4.384098
21	7	Ġother	6.768216
21	8	Ġchildren	6.141849
21	9	Ġclaimed	11.252962
21	10	Ġthe	6.821746
21	11	Ġstudent	5.874114
21	12	Ġhit	9.425905
21	13	Ġin	4.772396
21	14	Ġart	19.835265
21	15	Ġclass	1.268687
21	16	.	1.749123
21	17	<|endoftext|>	6.222049
22	1	<|endoftext|>	0.0
22	2	The	4.729281
22	3	Ġteacher	13.677544
22	4	Ġreported	8.684135
22	5	Ġwho	12.867736
22	6	Ġthe	4.384098
22	7	Ġother	6.768216
22	8	Ġchildren	6.141849
22	9	Ġclaimed	11.252962
22	10	Ġthe	6.821746
22	11	Ġstudent	5.874114
22	12	Ġhit	9.425905
22	13	Ġher	2.657785
22	14	Ġclassmate	13.528825
22	15	Ġin	2.808721
22	16	Ġart	20.876746
22	17	Ġclass	0.717896
22	18	.	1.151623
22	19	<|endoftext|>	6.009155
23	1	<|endoftext|>	0.0
23	2	The	4.729281
23	3	Ġteacher	13.677544
23	4	Ġreported	8.684135
23	5	Ġthat	1.939998
23	6	Ġthe	2.810862
23	7	Ġother	8.376961
23	8	Ġchildren	5.170781
23	9	Ġclaimed	11.155164
23	10	Ġthe	4.481481
23	11	Ġstudent	6.912001
23	12	Ġhit	8.797832
23	13	Ġin	9.312918
23	14	Ġart	20.919279
23	15	Ġclass	1.880905
23	16	.	3.070803
23	17	<|endoftext|>	6.138241
24	1	<|endoftext|>	0.0
24	2	The	4.729281
24	3	Ġteacher	13.677544
24	4	Ġreported	8.684135
24	5	Ġthat	1.939998
24	6	Ġthe	2.810862
24	7	Ġother	8.376961
24	8	Ġchildren	5.170781
24	9	Ġclaimed	11.155164
24	10	Ġthe	4.481481
24	11	Ġstudent	6.912001
24	12	Ġhit	8.797832
24	13	Ġher	1.416432
24	14	Ġclassmate	12.711538
24	15	Ġin	2.779472
24	16	Ġart	21.35043
24	17	Ġclass	0.915665
24	18	.	1.491484
24	19	<|endoftext|>	6.085568
25	1	<|endoftext|>	0.0
25	2	The	4.729281
25	3	Ġteacher	13.677544
25	4	Ġreported	8.684135
25	5	Ġwho	12.867736
25	6	Ġthe	4.384098
25	7	Ġother	6.768216
25	8	Ġchildren	6.141849
25	9	Ġclaimed	11.252962
25	10	Ġtheir	9.138674
25	11	Ġfriends	6.855953
25	12	Ġsaid	8.222257
25	13	Ġthe	6.140024
25	14	Ġstudent	5.891491
25	15	Ġhit	9.271993
25	16	Ġin	5.094851
25	17	Ġart	19.441974
25	18	Ġclass	1.391172
25	19	.	1.519249
25	20	<|endoftext|>	5.904312
26	1	<|endoftext|>	0.0
26	2	The	4.729281
26	3	Ġteacher	13.677544
26	4	Ġreported	8.684135
26	5	Ġwho	12.867736
26	6	Ġthe	4.384098
26	7	Ġother	6.768216
26	8	Ġchildren	6.141849
26	9	Ġclaimed	11.252962
26	10	Ġtheir	9.138674
26	11	Ġfriends	6.855953
26	12	Ġsaid	8.222257
26	13	Ġthe	6.140024
26	14	Ġstudent	5.891491
26	15	Ġhit	9.271993
26	16	Ġher	2.740686
26	17	Ġclassmate	12.688332
26	18	Ġin	2.323179
26	19	Ġart	21.445509
26	20	Ġclass	0.804062
26	21	.	1.011801
26	22	<|endoftext|>	5.764652
27	1	<|endoftext|>	0.0
27	2	The	4.729281
27	3	Ġteacher	13.677544
27	4	Ġreported	8.684135
27	5	Ġthat	1.939998
27	6	Ġthe	2.810862
27	7	Ġother	8.376961
27	8	Ġchildren	5.170781
27	9	Ġclaimed	11.155164
27	10	Ġtheir	5.972706
27	11	Ġfriends	7.730606
27	12	Ġsaid	7.68973
27	13	Ġthe	4.057027
27	14	Ġstudent	7.329151
27	15	Ġhit	8.664009
27	16	Ġin	9.664948
27	17	Ġart	19.806985
27	18	Ġclass	1.838299
27	19	.	1.933188
27	20	<|endoftext|>	5.858492
28	1	<|endoftext|>	0.0
28	2	The	4.729281
28	3	Ġteacher	13.677544
28	4	Ġreported	8.684135
28	5	Ġthat	1.939998
28	6	Ġthe	2.810862
28	7	Ġother	8.376961
28	8	Ġchildren	5.170781
28	9	Ġclaimed	11.155164
28	10	Ġtheir	5.972706
28	11	Ġfriends	7.730606
28	12	Ġsaid	7.68973
28	13	Ġthe	4.057027
28	14	Ġstudent	7.329151
28	15	Ġhit	8.664009
28	16	Ġher	2.034521
28	17	Ġclassmate	12.180338
28	18	Ġin	2.578828
28	19	Ġart	21.659462
28	20	Ġclass	0.933158
28	21	.	1.105829
28	22	<|endoftext|>	5.813244
29	1	<|endoftext|>	0.0
29	2	The	4.729281
29	3	Ġteacher	13.677544
29	4	Ġreported	8.684135
29	5	Ġwho	12.867736
29	6	Ġthe	4.384098
29	7	Ġother	6.768216
29	8	Ġchildren	6.141849
29	9	Ġclaimed	11.252962
29	10	Ġtheir	9.138674
29	11	Ġfriends	6.855953
29	12	Ġsaid	8.222257
29	13	Ġthe	6.140024
29	14	Ġteaching	13.598692
29	15	Ġassistant	3.972795
29	16	Ġstated	12.806423
29	17	Ġthe	4.788164
29	18	Ġstudent	5.84206
29	19	Ġhit	10.366064
29	20	Ġin	8.098722
29	21	Ġart	19.532173
29	22	Ġclass	2.311115
29	23	.	1.600479
29	24	<|endoftext|>	5.512656
30	1	<|endoftext|>	0.0
30	2	The	4.729281
30	3	Ġteacher	13.677544
30	4	Ġreported	8.684135
30	5	Ġwho	12.867736
30	6	Ġthe	4.384098
30	7	Ġother	6.768216
30	8	Ġchildren	6.141849
30	9	Ġclaimed	11.252962
30	10	Ġtheir	9.138674
30	11	Ġfriends	6.855953
30	12	Ġsaid	8.222257
30	13	Ġthe	6.140024
30	14	Ġteaching	13.598692
30	15	Ġassistant	3.972795
30	16	Ġstated	12.806423
30	17	Ġthe	4.788164
30	18	Ġstudent	5.84206
30	19	Ġhit	10.366064
30	20	Ġher	1.557437
30	21	Ġclassmate	11.267516
30	22	Ġin	2.194034
30	23	Ġart	21.555495
30	24	Ġclass	1.179324
30	25	.	1.04159
30	26	<|endoftext|>	5.470437
31	1	<|endoftext|>	0.0
31	2	The	4.729281
31	3	Ġteacher	13.677544
31	4	Ġreported	8.684135
31	5	Ġthat	1.939998
31	6	Ġthe	2.810862
31	7	Ġother	8.376961
31	8	Ġchildren	5.170781
31	9	Ġclaimed	11.155164
31	10	Ġtheir	5.972706
31	11	Ġfriends	7.730606
31	12	Ġsaid	7.68973
31	13	Ġthe	4.057027
31	14	Ġteaching	12.272609
31	15	Ġassistant	5.950406
31	16	Ġstated	10.68145
31	17	Ġthe	4.810955
31	18	Ġstudent	6.973215
31	19	Ġhit	10.853557
31	20	Ġin	9.801511
31	21	Ġart	19.783482
31	22	Ġclass	2.662955
31	23	.	1.656399
31	24	<|endoftext|>	5.701274
32	1	<|endoftext|>	0.0
32	2	The	4.729281
32	3	Ġteacher	13.677544
32	4	Ġreported	8.684135
32	5	Ġthat	1.939998
32	6	Ġthe	2.810862
32	7	Ġother	8.376961
32	8	Ġchildren	5.170781
32	9	Ġclaimed	11.155164
32	10	Ġtheir	5.972706
32	11	Ġfriends	7.730606
32	12	Ġsaid	7.68973
32	13	Ġthe	4.057027
32	14	Ġteaching	12.272609
32	15	Ġassistant	5.950406
32	16	Ġstated	10.68145
32	17	Ġthe	4.810955
32	18	Ġstudent	6.973215
32	19	Ġhit	10.853557
32	20	Ġher	1.634862
32	21	Ġclassmate	11.538752
32	22	Ġin	2.42689
32	23	Ġart	21.879585
32	24	Ġclass	1.295448
32	25	.	1.025845
32	26	<|endoftext|>	5.644339
33	1	<|endoftext|>	0.0
33	2	I	5.770367
33	3	Ġknow	5.545733
33	4	Ġwhat	4.510479
33	5	Ġthe	6.346878
33	6	Ġburg	18.893714
33	7	lar	0.876887
33	8	Ġstole	11.004143
33	9	Ġthe	7.78074
33	10	Ġother	4.90421
33	11	Ġnight	2.681537
33	12	.	1.569962
33	13	<|endoftext|>	8.448961
34	1	<|endoftext|>	0.0
34	2	I	5.770367
34	3	Ġknow	5.545733
34	4	Ġwhat	4.510466
34	5	Ġthe	6.346878
34	6	Ġburg	18.893714
34	7	lar	0.876882
34	8	Ġstole	11.004137
34	9	Ġthe	7.78074
34	10	Ġjewels	9.011902
34	11	Ġthe	9.245525
34	12	Ġother	3.632909
34	13	Ġnight	2.162137
34	14	.	1.373944
34	15	<|endoftext|>	8.78262
35	1	<|endoftext|>	0.0
35	2	I	5.770367
35	3	Ġknow	5.545733
35	4	Ġthat	2.74974
35	5	Ġthe	4.424285
35	6	Ġburg	17.724959
35	7	lar	1.24929
35	8	Ġstole	9.319393
35	9	Ġthe	3.408626
35	10	Ġother	8.657813
35	11	Ġnight	6.398077
35	12	.	2.759949
35	13	<|endoftext|>	9.600205
36	1	<|endoftext|>	0.0
36	2	I	5.770367
36	3	Ġknow	5.545733
36	4	Ġthat	2.749727
36	5	Ġthe	4.424285
36	6	Ġburg	17.724959
36	7	lar	1.249291
36	8	Ġstole	9.319384
36	9	Ġthe	3.408626
36	10	Ġjewels	9.60675
36	11	Ġthe	9.221791
36	12	Ġother	5.240912
36	13	Ġnight	2.082699
36	14	.	1.812049
36	15	<|endoftext|>	10.154863
37	1	<|endoftext|>	0.0
37	2	I	5.770362
37	3	Ġknow	5.545699
37	4	Ġwhat	4.510481
37	5	Ġmy	8.177812
37	6	Ġmother	5.747031
37	7	Ġthinks	4.618463
37	8	Ġthe	10.087496
37	9	Ġburg	18.919842
37	10	lar	0.540206
37	11	Ġstole	9.041325
37	12	Ġthe	7.359742
37	13	Ġother	7.752945
37	14	Ġnight	3.015559
37	15	.	1.146477
37	16	<|endoftext|>	8.540566
38	1	<|endoftext|>	0.0
38	2	I	5.770357
38	3	Ġknow	5.545684
38	4	Ġwhat	4.510475
38	5	Ġmy	8.177824
38	6	Ġmother	5.747017
38	7	Ġthinks	4.618461
38	8	Ġthe	10.087462
38	9	Ġburg	18.919827
38	10	lar	0.540213
38	11	Ġstole	9.041332
38	12	Ġthe	7.359755
38	13	Ġjewels	7.956422
38	14	Ġthe	9.56802
38	15	Ġother	4.651009
38	16	Ġnight	2.166406
38	17	.	1.010644
38	18	<|endoftext|>	8.7296
39	1	<|endoftext|>	0.0
39	2	I	5.770362
39	3	Ġknow	5.545699
39	4	Ġthat	2.74972
39	5	Ġmy	5.734787
39	6	Ġmother	6.245336
39	7	Ġthinks	8.671081
39	8	Ġthe	5.106788
39	9	Ġburg	16.667232
39	10	lar	0.834177
39	11	Ġstole	7.221096
39	12	Ġthe	3.448648
39	13	Ġother	9.047249
39	14	Ġnight	5.983382
39	15	.	2.207879
39	16	<|endoftext|>	9.989614
40	1	<|endoftext|>	0.0
40	2	I	5.770357
40	3	Ġknow	5.545684
40	4	Ġthat	2.749692
40	5	Ġmy	5.734779
40	6	Ġmother	6.24532
40	7	Ġthinks	8.671094
40	8	Ġthe	5.106794
40	9	Ġburg	16.667231
40	10	lar	0.834174
40	11	Ġstole	7.221099
40	12	Ġthe	3.44864
40	13	Ġjewels	8.637658
40	14	Ġthe	9.716486
40	15	Ġother	4.992407
40	16	Ġnight	2.226494
40	17	.	1.483228
40	18	<|endoftext|>	10.11691
41	1	<|endoftext|>	0.0
41	2	I	5.770357
41	3	Ġknow	5.545684
41	4	Ġwhat	4.510475
41	5	Ġmy	8.177824
41	6	Ġmother	5.747017
41	7	Ġthinks	4.618461
41	8	Ġthe	10.087462
41	9	Ġreporter	14.720962
41	10	Ġsaid	3.467633
41	11	Ġthe	9.018994
41	12	Ġburg	21.176919
41	13	lar	0.084332
41	14	Ġstole	7.650794
41	15	Ġthe	4.877341
41	16	Ġother	9.217632
41	17	Ġnight	3.600984
41	18	.	1.091512
41	19	<|endoftext|>	8.679886
42	1	<|endoftext|>	0.0
42	2	I	5.770357
42	3	Ġknow	5.545684
42	4	Ġwhat	4.510475
42	5	Ġmy	8.177824
42	6	Ġmother	5.747017
42	7	Ġthinks	4.618461
42	8	Ġthe	10.087462
42	9	Ġreporter	14.720962
42	10	Ġsaid	3.467633
42	11	Ġthe	9.018994
42	12	Ġburg	21.176919
42	13	lar	0.084332
42	14	Ġstole	7.650794
42	15	Ġthe	4.877341
42	16	Ġjewels	8.465773
42	17	Ġthe	9.468185
42	18	Ġother	5.619951
42	19	Ġnight	2.756422
42	20	.	0.946303
42	21	<|endoftext|>	8.721276
43	1	<|endoftext|>	0.0
43	2	I	5.770357
43	3	Ġknow	5.545684
43	4	Ġthat	2.749692
43	5	Ġmy	5.734779
43	6	Ġmother	6.24532
43	7	Ġthinks	8.671094
43	8	Ġthe	5.106794
43	9	Ġreporter	14.581568
43	10	Ġsaid	8.8267
43	11	Ġthe	4.148107
43	12	Ġburg	16.195272
43	13	lar	0.154248
43	14	Ġstole	6.254602
43	15	Ġthe	2.990677
43	16	Ġother	9.577128
43	17	Ġnight	6.342755
43	18	.	1.97797
43	19	<|endoftext|>	10.138187
44	1	<|endoftext|>	0.0
44	2	I	5.770357
44	3	Ġknow	5.545684
44	4	Ġthat	2.749692
44	5	Ġmy	5.734779
44	6	Ġmother	6.24532
44	7	Ġthinks	8.671094
44	8	Ġthe	5.106794
44	9	Ġreporter	14.581568
44	10	Ġsaid	8.8267
44	11	Ġthe	4.148107
44	12	Ġburg	16.195272
44	13	lar	0.154248
44	14	Ġstole	6.254602
44	15	Ġthe	2.990677
44	16	Ġjewels	9.060354
44	17	Ġthe	9.70673
44	18	Ġother	5.31677
44	19	Ġnight	3.054383
44	20	.	1.365343
44	21	<|endoftext|>	10.099103
45	1	<|endoftext|>	0.0
45	2	I	5.770357
45	3	Ġknow	5.545684
45	4	Ġwhat	4.510475
45	5	Ġmy	8.177824
45	6	Ġmother	5.747017
45	7	Ġthinks	4.618461
45	8	Ġthe	10.087462
45	9	Ġreporter	14.720962
45	10	Ġsaid	3.467633
45	11	Ġthe	9.018994
45	12	Ġhomeowners	19.601249
45	13	Ġclaimed	10.856006
45	14	Ġthe	5.87636
45	15	Ġburg	9.719692
45	16	lar	0.027559
45	17	Ġstole	4.757385
45	18	Ġthe	3.574184
45	19	Ġother	9.879748
45	20	Ġnight	4.933791
45	21	.	1.14413
45	22	<|endoftext|>	8.934419
46	1	<|endoftext|>	0.0
46	2	I	5.770357
46	3	Ġknow	5.545684
46	4	Ġwhat	4.510475
46	5	Ġmy	8.177824
46	6	Ġmother	5.747017
46	7	Ġthinks	4.618461
46	8	Ġthe	10.087462
46	9	Ġreporter	14.720962
46	10	Ġsaid	3.467633
46	11	Ġthe	9.018994
46	12	Ġhomeowners	19.601249
46	13	Ġclaimed	10.856006
46	14	Ġthe	5.87636
46	15	Ġburg	9.719692
46	16	lar	0.027559
46	17	Ġstole	4.757385
46	18	Ġthe	3.574184
46	19	Ġjewels	9.191003
46	20	Ġthe	9.466723
46	21	Ġother	6.976191
46	22	Ġnight	2.96154
46	23	.	0.916793
46	24	<|endoftext|>	8.865399
47	1	<|endoftext|>	0.0
47	2	I	5.770357
47	3	Ġknow	5.545684
47	4	Ġthat	2.749692
47	5	Ġmy	5.734779
47	6	Ġmother	6.24532
47	7	Ġthinks	8.671094
47	8	Ġthe	5.106794
47	9	Ġreporter	14.581568
47	10	Ġsaid	8.8267
47	11	Ġthe	4.148107
47	12	Ġhomeowners	15.751518
47	13	Ġclaimed	12.372864
47	14	Ġthe	3.012498
47	15	Ġburg	9.9839
47	16	lar	0.037118
47	17	Ġstole	4.845274
47	18	Ġthe	2.915688
47	19	Ġother	9.966556
47	20	Ġnight	7.398156
47	21	.	1.666089
47	22	<|endoftext|>	10.135425
48	1	<|endoftext|>	0.0
48	2	I	5.770357
48	3	Ġknow	5.545684
48	4	Ġthat	2.749692
48	5	Ġmy	5.734779
48	6	Ġmother	6.24532
48	7	Ġthinks	8.671094
48	8	Ġthe	5.106794
48	9	Ġreporter	14.581568
48	10	Ġsaid	8.8267
48	11	Ġthe	4.148107
48	12	Ġhomeowners	15.751518
48	13	Ġclaimed	12.372864
48	14	Ġthe	3.012498
48	15	Ġburg	9.9839
48	16	lar	0.037118
48	17	Ġstole	4.845274
48	18	Ġthe	2.915688
48	19	Ġjewels	9.372954
48	20	Ġthe	9.728783
48	21	Ġother	6.272526
48	22	Ġnight	2.872873
48	23	.	1.185056
48	24	<|endoftext|>	9.982015
